1.000000000 0.000000000 0.000000000 0.000000000 0.000000000 1.000000000 0.000000000 0.000000000 0.000000000 0.000000000 1.000000000 0.000000000
0.999999166 0.001222272 0.000450882 0.010175073 -0.001222024 0.999999106 -0.000551305 0.000233303 -0.000451555 0.000550753 0.999999762 -0.023579266
0.999998987 0.001330916 0.000471230 0.008905170 -0.001330768 0.999999046 -0.000314337 0.000258432 -0.000471648 0.000313710 0.999999821 -0.020977668
0.999999046 0.001221152 0.000608483 0.008651782 -0.001220995 0.999999225 -0.000257963 0.000199416 -0.000608797 0.000257220 0.999999762 -0.020632779
0.999998748 0.001580701 0.000084209 0.009954424 -0.001580655 0.999998629 -0.000540153 0.000326937 -0.000085063 0.000540019 0.999999821 -0.022554819
0.999998689 0.001608273 0.000295921 0.008741338 -0.001608273 0.999998689 -0.000000198 0.000204958 -0.000295921 -0.000000278 0.999999940 -0.020737661
0.999998271 0.001853186 0.000281054 0.009462642 -0.001853219 0.999998271 0.000115824 0.000111610 -0.000280839 -0.000116345 0.999999940 -0.021621300
0.999997973 0.002023250 -0.000032031 0.010206658 -0.002023253 0.999997973 -0.000110780 0.000061463 0.000031806 0.000110844 1.000000000 -0.023479361
0.999997020 0.002426040 -0.000190877 0.010406282 -0.002426038 0.999997079 0.000014571 -0.000090496 0.000190912 -0.000014108 1.000000000 -0.024018455
0.999999344 0.001090517 0.000359631 0.009887151 -0.001090362 0.999999285 -0.000430824 0.000415253 -0.000360100 0.000430431 0.999999821 -0.023200192
0.999999106 0.001275584 0.000425746 0.009867653 -0.001275465 0.999999166 -0.000281380 0.000431922 -0.000426105 0.000280836 0.999999881 -0.022692816
0.999998927 0.001414808 0.000362733 0.008829535 -0.001414759 0.999998987 -0.000134648 0.000175886 -0.000362923 0.000134135 0.999999940 -0.020434123
0.999998689 0.001172659 0.001106100 0.005387500 -0.001172527 0.999999285 -0.000119551 -0.000235863 -0.001106240 0.000118254 0.999999404 -0.012995386
0.999998569 0.001650471 0.000404454 0.008446867 -0.001650442 0.999998629 -0.000073088 -0.000071935 -0.000404574 0.000072421 0.999999940 -0.019405449
0.999996424 0.002681588 -0.000034201 0.009382132 -0.002681585 0.999996424 0.000102041 0.000009366 0.000034474 -0.000101948 1.000000000 -0.021524001
0.999998271 0.001821628 0.000419025 0.008938698 -0.001821609 0.999998331 -0.000045571 -0.000029143 -0.000419107 0.000044808 0.999999940 -0.020596100
0.999998569 0.001641687 0.000357521 0.008303739 -0.001641689 0.999998629 0.000006332 0.000111390 -0.000357510 -0.000006919 0.999999940 -0.019931663
0.999998510 0.001685736 0.000361320 0.008653793 -0.001685718 0.999998569 -0.000048727 0.000269114 -0.000361402 0.000048118 0.999999940 -0.020765975
0.999992728 0.003765224 -0.000561587 0.009936637 -0.003764734 0.999992549 0.000870299 -0.000519030 0.000564860 -0.000868179 0.999999464 -0.021847917
0.999998093 0.001922270 0.000324857 0.007490049 -0.001922328 0.999998152 0.000177855 -0.000147665 -0.000324514 -0.000178479 0.999999940 -0.017989304
0.999997914 0.002030564 0.000106310 0.009429688 -0.002030561 0.999997914 -0.000022674 0.000170726 -0.000106356 0.000022458 1.000000000 -0.021755993
0.999998033 0.001985048 0.000198725 0.010342873 -0.001985020 0.999998033 -0.000142021 -0.000091808 -0.000199007 0.000141626 0.999999940 -0.023833636
0.999998868 0.001415704 0.000534387 0.008903360 -0.001415490 0.999998927 -0.000401272 0.000430579 -0.000534955 0.000400515 0.999999762 -0.020649312
0.999999821 0.000555835 0.000284391 0.011512828 -0.000555567 0.999999404 -0.000941673 0.000367640 -0.000284915 0.000941515 0.999999523 -0.026791153
0.999998331 0.001798918 0.000341287 0.009713338 -0.001798848 0.999998331 -0.000207516 0.000220057 -0.000341659 0.000206902 0.999999940 -0.022186439
0.999997973 0.002008076 0.000051724 0.009462171 -0.002008084 0.999997973 0.000152791 0.000185662 -0.000051417 -0.000152895 1.000000000 -0.022125375
0.999996066 0.002789200 -0.000274873 0.010484979 -0.002789077 0.999996006 0.000447234 -0.000187490 0.000276119 -0.000446466 0.999999881 -0.023056293
0.999997735 0.002119811 0.000053318 0.008976872 -0.002119817 0.999997735 0.000121668 -0.000097240 -0.000053060 -0.000121781 1.000000000 -0.020371465
0.999998808 0.001408809 0.000645531 0.008422108 -0.001408691 0.999998987 -0.000184144 0.000045628 -0.000645790 0.000183235 0.999999762 -0.019839775
0.999998510 0.001686032 0.000318851 0.008480165 -0.001685984 0.999998569 -0.000150135 0.000214251 -0.000319104 0.000149598 0.999999940 -0.019052710
0.999999940 0.000070115 0.000261365 0.014161364 -0.000070120 1.000000000 0.000017979 -0.007198406 -0.000261363 -0.000017997 0.999999940 -0.023297017
0.999999881 -0.000038087 0.000491169 0.011992370 0.000038143 1.000000000 -0.000113688 -0.005745899 -0.000491165 0.000113707 0.999999881 -0.019804329
0.999999225 0.001248990 0.000178304 0.013159176 -0.001249033 0.999999166 0.000245854 -0.002450537 -0.000177997 -0.000246077 0.999999940 -0.015019178
0.999999344 0.000638974 0.000972694 -0.018402802 -0.000639792 0.999999464 0.000841173 -0.028516391 -0.000972156 -0.000841795 0.999999166 -0.064145461
0.999999940 -0.000022816 0.000308833 0.000583278 0.000022695 0.999999940 0.000389185 -0.020523129 -0.000308842 -0.000389178 0.999999881 -0.048176639
0.999999285 0.000122305 0.001171847 -0.019316263 -0.000122441 1.000000000 0.000115761 -0.028086940 -0.001171832 -0.000115905 0.999999285 -0.066532344
0.999999106 0.000762997 0.001103522 -0.019299988 -0.000763756 0.999999464 0.000687613 -0.028467380 -0.001102997 -0.000688455 0.999999166 -0.065126255
0.999999821 0.000379163 0.000501496 0.011021050 -0.000379354 0.999999881 0.000379677 -0.008571174 -0.000501352 -0.000379867 0.999999821 -0.020534517
0.999999881 0.000014019 0.000537781 0.012925741 -0.000013986 1.000000000 -0.000062037 -0.006839320 -0.000537781 0.000062029 0.999999881 -0.021952257
0.999999940 -0.000050167 0.000406422 0.012649603 0.000050194 1.000000000 -0.000067918 -0.008047874 -0.000406419 0.000067939 0.999999940 -0.024503479
0.999999940 0.000331553 0.000131251 0.013072880 -0.000331595 0.999999881 0.000326645 -0.009398615 -0.000131142 -0.000326689 0.999999940 -0.022671780
0.999997854 -0.001559696 0.001344341 -0.008482792 0.001559746 0.999998808 -0.000035986 -0.028064141 -0.001344283 0.000038083 0.999999106 -0.055352103
0.999999344 0.001032647 0.000436255 -0.003491980 -0.001032813 0.999999404 0.000379559 -0.017739173 -0.000435863 -0.000380009 0.999999821 -0.045595236
0.999997973 0.001998388 -0.000046625 0.012551698 -0.001998351 0.999997675 0.000782431 -0.006081705 0.000048189 -0.000782336 0.999999702 -0.015250257
0.999999821 -0.000298063 0.000472512 0.004983804 0.000297971 0.999999940 0.000194330 -0.015590058 -0.000472570 -0.000194190 0.999999881 -0.037326157
0.999999583 0.000461555 0.000822725 0.008711611 -0.000461676 0.999999881 0.000145922 -0.006096444 -0.000822658 -0.000146302 0.999999642 -0.017395925
0.999999583 0.000857840 0.000277179 0.012622749 -0.000857954 0.999999523 0.000410989 -0.007566850 -0.000276826 -0.000411227 0.999999881 -0.021821653
0.999998212 -0.001264154 0.001387633 -0.006596827 0.001263920 0.999999166 0.000169515 -0.025239576 -0.001387846 -0.000167761 0.999999046 -0.048503708
0.999998927 -0.000830320 0.001207144 -0.011623234 0.000830181 0.999999642 0.000115514 -0.027193693 -0.001207239 -0.000114512 0.999999285 -0.057844657
0.999998391 -0.001250332 0.001285134 -0.010044590 0.001250601 0.999999225 -0.000208381 -0.027522890 -0.001284873 0.000209988 0.999999166 -0.056552019
0.999999523 -0.000343430 0.000945618 -0.000639966 0.000343097 0.999999881 0.000352154 -0.019315731 -0.000945739 -0.000351829 0.999999464 -0.037306663
0.999999523 -0.000420829 0.000863746 -0.011576437 0.000420467 0.999999821 0.000419754 -0.030423826 -0.000863922 -0.000419391 0.999999523 -0.063038185
0.999999702 0.000087244 0.000747517 -0.010828232 -0.000087422 0.999999940 0.000238525 -0.025902661 -0.000747496 -0.000238590 0.999999702 -0.060201123
0.999999881 0.000398419 0.000304699 0.012015523 -0.000398473 0.999999881 0.000178565 -0.008133125 -0.000304628 -0.000178686 0.999999940 -0.021752030
0.999999285 0.000722275 0.000954552 -0.017716333 -0.000723007 0.999999464 0.000766018 -0.028866265 -0.000953998 -0.000766708 0.999999225 -0.066794910
0.999999285 0.001181756 0.000125168 0.013423010 -0.001181794 0.999999225 0.000306845 -0.002706938 -0.000124805 -0.000306993 0.999999940 -0.012167705
0.999999762 0.000658687 0.000210509 0.013763574 -0.000658727 0.999999762 0.000186979 -0.007305229 -0.000210386 -0.000187118 0.999999940 -0.021288905
0.999999642 0.000846410 0.000034838 0.013963470 -0.000846422 0.999999583 0.000339635 -0.008692461 -0.000034550 -0.000339664 0.999999940 -0.021918323
0.999999464 0.001047551 0.000164642 0.013434079 -0.001047609 0.999999404 0.000350010 -0.005040574 -0.000164275 -0.000350182 0.999999940 -0.015424842
0.999998987 -0.000985286 0.001039323 -0.002672380 0.000984971 0.999999464 0.000303667 -0.025328968 -0.001039622 -0.000302643 0.999999404 -0.046862211
0.999998808 -0.000782346 0.001314019 -0.011223601 0.000782354 0.999999702 -0.000005269 -0.025091631 -0.001314014 0.000006297 0.999999166 -0.055610437
0.999999523 -0.000414266 0.000891491 -0.011494667 0.000414473 0.999999881 -0.000232763 -0.025509790 -0.000891395 0.000233132 0.999999583 -0.062755890
0.999999642 0.000428734 0.000705719 -0.016442634 -0.000428969 0.999999881 0.000332304 -0.027712425 -0.000705577 -0.000332607 0.999999702 -0.066588707
0.999998569 -0.001401299 0.000932206 -0.003465902 0.001401741 0.999998927 -0.000474057 -0.021772051 -0.000931540 0.000475363 0.999999464 -0.051268514
0.999999166 0.000960305 0.000841376 -0.017636670 -0.000960522 0.999999523 0.000257107 -0.024767904 -0.000841129 -0.000257915 0.999999642 -0.065316804
0.999999642 0.000409960 0.000769023 -0.018498158 -0.000409887 0.999999940 -0.000095470 -0.024009041 -0.000769062 0.000095155 0.999999702 -0.064773902
0.999999702 0.000382077 -0.000651294 -0.010601901 -0.000381610 0.999999642 0.000717223 -0.021860028 0.000651568 -0.000716974 0.999999523 -0.052510690
0.999998510 0.000192057 -0.001732517 0.010417807 -0.000192507 0.999999940 -0.000259729 0.000321264 0.001732467 0.000260062 0.999998450 -0.017184453
0.999985039 -0.004044442 -0.003675333 0.062944241 0.004041090 0.999991417 -0.000918913 0.014252497 0.003679018 0.000904047 0.999992847 0.043600634
0.999937236 -0.010366020 -0.004250295 0.112117887 0.010356719 0.999943912 -0.002204608 0.022333732 0.004272910 0.002160451 0.999988556 0.102576815
0.999976397 0.002224408 -0.006501047 0.014367483 -0.002221096 0.999997377 0.000516568 -0.004147816 0.006502179 -0.000502117 0.999978721 -0.038290326
0.999953628 0.005057188 -0.008192752 0.015478065 -0.005059458 0.999987185 -0.000256313 0.009649849 0.008191350 0.000297752 0.999966383 -0.026807668
0.999958396 0.000228749 -0.009119646 0.006372542 -0.000238986 0.999999344 -0.001121471 -0.009023010 0.009119383 0.001123604 0.999957800 -0.045523480
0.999935448 0.003669976 -0.010755289 -0.008558635 -0.003677905 0.999992967 -0.000717529 0.003875380 0.010752580 0.000757040 0.999941885 -0.036487710
0.999905109 0.003737620 -0.013257433 0.007217913 -0.003743706 0.999992907 -0.000434223 0.016782288 0.013255715 0.000483814 0.999912024 0.041426904
0.999812484 0.005612105 -0.018534500 -0.027245576 -0.005594612 0.999983847 0.000995541 -0.019097390 0.018539788 -0.000891661 0.999827743 -0.032108586
0.999771178 0.000386134 -0.021389240 -0.064280562 -0.000438601 0.999996901 -0.002448330 -0.041781288 0.021388227 0.002457151 0.999768198 -0.100063659
0.999639750 0.005226660 -0.026326504 -0.130846724 -0.005253857 0.999985754 -0.000963995 -0.077192225 0.026321091 0.001101963 0.999652922 -0.214910150
0.999305606 0.016593598 -0.033360895 -0.170605510 -0.016495422 0.999858797 0.003215968 -0.078737289 0.033409547 -0.002663433 0.999438167 -0.239291474
0.999229670 0.010675065 -0.037764657 -0.169627815 -0.010738765 0.999941230 -0.001484368 -0.075605355 0.037746593 0.001888771 0.999285579 -0.239860877
0.999113679 -0.000313111 -0.042091589 -0.164853856 0.000054719 0.999981165 -0.006139844 -0.085574441 0.042092718 0.006132099 0.999094903 -0.233481675
0.998760879 -0.005654766 -0.049444787 -0.163719520 0.005090148 0.999920487 -0.011537634 -0.084600464 0.049506098 0.011271657 0.998710215 -0.228826255
0.998324335 -0.008147365 -0.057288542 -0.165354282 0.007350734 0.999873459 -0.014102625 -0.084360868 0.057396192 0.013657881 0.998258054 -0.230542019
0.997822702 -0.012808756 -0.064697258 -0.152315453 0.011815090 0.999806583 -0.015718037 -0.087050542 0.064886078 0.014919411 0.997781157 -0.212906271
0.997320831 0.001140124 -0.073142596 -0.228395239 -0.002066301 0.999918640 -0.012588212 -0.090545341 0.073122300 0.012705620 0.997241974 -0.267060727
0.996409118 0.003670305 -0.084588543 -0.228459805 -0.004813508 0.999899685 -0.013314871 -0.081885934 0.084531188 0.013674228 0.996326923 -0.261113316
0.995646477 -0.000142685 -0.093209326 -0.233274266 -0.001384539 0.999865830 -0.016320005 -0.087101579 0.093199164 0.016378008 0.995512784 -0.252136946
0.993510544 0.026449272 -0.110622294 -0.278977454 -0.027473586 0.999592543 -0.007745292 -0.082328163 0.110372357 0.010734220 0.993832350 -0.299830616
0.992168248 0.025155999 -0.122349583 -0.305129707 -0.026836801 0.999566495 -0.012108944 -0.081222497 0.121991940 0.015297581 0.992413223 -0.325919926
0.990673661 0.029888468 -0.132937729 -0.347935766 -0.031787205 0.999420464 -0.012183176 -0.084757522 0.132496551 0.016295269 0.991049528 -0.368655264
0.988903463 0.024678335 -0.146495193 -0.323174298 -0.027524477 0.999469161 -0.017432801 -0.058993202 0.145987198 0.021271562 0.989057839 -0.325427592
0.987514555 0.016080774 -0.156705707 -0.247293845 -0.018455649 0.999735653 -0.013711652 -0.067189425 0.156443790 0.016432561 0.987550080 -0.149458855
0.984965444 0.013170261 -0.172248840 -0.231521726 -0.015892554 0.999769509 -0.014434865 -0.065225832 0.172019050 0.016955318 0.984947622 -0.120669618
0.982945859 0.011143717 -0.183557376 -0.239498034 -0.014236360 0.999777913 -0.015539142 -0.054792549 0.183343455 0.017887324 0.982886076 -0.096248910
0.979203463 0.017966248 -0.202083647 -0.206015080 -0.020446714 0.999739051 -0.010193466 -0.050821312 0.201847762 0.014113426 0.979315102 -0.059583094
0.977932751 0.007986851 -0.208767176 -0.179819196 -0.012568497 0.999708176 -0.020628845 -0.025546085 0.208541468 0.022797512 0.977747917 -0.086872563
0.974124193 0.005523292 -0.225945950 -0.163519382 -0.010299644 0.999747634 -0.019965991 -0.027765306 0.225778639 0.021776518 0.973935306 -0.049419008
0.970387459 0.005697060 -0.241486281 -0.156645805 -0.011959482 0.999628842 -0.024475040 -0.016202461 0.241257221 0.026638323 0.970095634 -0.015968621
0.966478407 0.004702137 -0.256704569 -0.151069909 -0.011822073 0.999586821 -0.026199713 -0.010396085 0.256475300 0.028356243 0.966134787 0.015129331
0.963576019 0.005382988 -0.267380148 -0.145742133 -0.012750182 0.999585152 -0.025824718 -0.014375284 0.267130196 0.028293230 0.963245094 0.009607092
0.960315764 0.004449456 -0.278879464 -0.150472671 -0.012910536 0.999510050 -0.028510224 -0.006857189 0.278616011 0.030979306 0.959902883 0.023467459
0.959517717 0.007504473 -0.281548321 -0.174836874 -0.016948082 0.999371886 -0.031121567 0.001446286 0.281137943 0.034633402 0.959042311 -0.008518819
0.956253350 0.009297365 -0.292391986 -0.174335673 -0.019586626 0.999286711 -0.032282155 0.004974845 0.291883320 0.036596894 0.955753565 -0.013848949
0.953139722 0.007799690 -0.302429825 -0.183746725 -0.018514737 0.999297559 -0.032579198 0.005043994 0.301963300 0.036651943 0.952614784 -0.002783764
0.948239982 0.009785008 -0.317403734 -0.172172785 -0.021867065 0.999164522 -0.034525082 0.010223513 0.316800684 0.039678760 0.947661877 0.010655105
0.943956316 0.008239808 -0.329967409 -0.175042748 -0.021568703 0.999091566 -0.036753908 0.018489502 0.329364836 0.041811060 0.943276584 0.036344614
0.937663496 0.010203121 -0.347394556 -0.141671568 -0.023125397 0.999185383 -0.033072002 0.004199971 0.346774101 0.039044049 0.937135696 0.041095931
0.935382664 0.009661788 -0.353505135 -0.157457754 -0.022458710 0.999231815 -0.032115869 0.003439426 0.352923274 0.037979893 0.934881210 0.005996291
0.934718132 0.005874257 -0.355341256 -0.185679823 -0.016181260 0.999529839 -0.026040949 -0.015324181 0.355021238 0.030090822 0.934373856 -0.052022863
0.931924462 0.006745633 -0.362589717 -0.190317184 -0.017044930 0.999536753 -0.025213286 -0.017870005 0.362251699 0.029677194 0.931607723 -0.064903952
0.929816842 0.005298380 -0.367984384 -0.204104915 -0.014451185 0.999650776 -0.022121664 -0.028163116 0.367738724 0.025886906 0.929568827 -0.094472952
0.927171350 0.004183025 -0.374614209 -0.210779652 -0.013907729 0.999632657 -0.023259554 -0.024473971 0.374379337 0.026775625 0.926888943 -0.094348378
0.923869073 0.002911668 -0.382697523 -0.210058227 -0.013248642 0.999614894 -0.024378166 -0.022125648 0.382479191 0.027592460 0.923552096 -0.091177113
0.920549393 0.008097529 -0.390542209 -0.209410638 -0.018844128 0.999541640 -0.023693042 -0.023336094 0.390171379 0.029170044 0.920280099 -0.091099493
0.917291880 0.005704028 -0.398174495 -0.206443563 -0.016966870 0.999549210 -0.024768326 -0.020895660 0.397853732 0.029475566 0.916975260 -0.094550520
0.914426625 0.006957786 -0.404691637 -0.199837983 -0.018986100 0.999488890 -0.025716286 -0.017847756 0.404305935 0.031199180 0.914091587 -0.099324405
0.911699772 0.006343799 -0.410807818 -0.199997813 -0.018536614 0.999497652 -0.025703538 -0.018882729 0.410438448 0.031048903 0.911359608 -0.099860996
0.909815490 0.007469264 -0.414945513 -0.198772416 -0.019369286 0.999512613 -0.024477564 -0.021509292 0.414560497 0.030307271 0.909516990 -0.107314117
0.908121347 0.006324988 -0.418659031 -0.199919760 -0.018396655 0.999523044 -0.024804018 -0.022476016 0.418302476 0.030226987 0.907804728 -0.104159281
0.906660020 0.007243255 -0.421799749 -0.196661785 -0.019797359 0.999481499 -0.025391135 -0.016463529 0.421397150 0.031371657 0.906333447 -0.097711645
0.906180501 0.005731217 -0.422852099 -0.197100103 -0.018199524 0.999510229 -0.025454875 -0.016986242 0.422499120 0.030762423 0.905841172 -0.096931711
0.906571567 0.006481153 -0.422002196 -0.204042852 -0.018303350 0.999545097 -0.023969289 -0.019644774 0.421654880 0.029453935 0.906278014 -0.095161356
0.907450318 0.006042859 -0.420115799 -0.208539426 -0.017799525 0.999551833 -0.024069645 -0.020945599 0.419782043 0.029319871 0.907151341 -0.092269152
0.908634603 0.006077569 -0.417547703 -0.203650504 -0.017890874 0.999542534 -0.024383996 -0.021107538 0.417208493 0.029626444 0.908327818 -0.095420137
0.910404265 0.007365076 -0.413654089 -0.200979561 -0.019224770 0.999514520 -0.024515200 -0.019975189 0.413272738 0.030271156 0.910104036 -0.098153338
0.911988318 0.005073060 -0.410184860 -0.207962856 -0.016848750 0.999542892 -0.025098739 -0.021848300 0.409870088 0.029800862 0.911656976 -0.091791324
0.913958669 0.004936207 -0.405776918 -0.206064939 -0.017253151 0.999494493 -0.026701752 -0.021754205 0.405440062 0.031405233 0.913582027 -0.092846595
0.916079521 0.005852779 -0.400953710 -0.205624789 -0.018350823 0.999457717 -0.027337842 -0.018943874 0.400576323 0.032401472 0.915690362 -0.089860104
0.919668496 0.006765299 -0.392637312 -0.211851642 -0.018743295 0.999468207 -0.026680907 -0.022515260 0.392248034 0.031896904 0.919306338 -0.089810677
0.922884941 0.007928944 -0.384994119 -0.208363146 -0.019774120 0.999444664 -0.026817804 -0.019558789 0.384567738 0.032362666 0.922529340 -0.088118963
0.926585913 0.009350708 -0.375966758 -0.209842503 -0.019570995 0.999535203 -0.023373999 -0.035467315 0.375573456 0.029016066 0.926338315 -0.079198465
0.929704309 0.009598085 -0.368181825 -0.201080665 -0.019523142 0.999539137 -0.023241458 -0.035171803 0.367789149 0.028795751 0.929463327 -0.084850922
0.935308099 0.009420302 -0.353709102 -0.213881820 -0.020709340 0.999389231 -0.028144781 -0.020251032 0.353227973 0.033649120 0.934931934 -0.069665484
0.940070510 0.010952775 -0.340804160 -0.208412752 -0.022759708 0.999270558 -0.030665549 -0.013286843 0.340219736 0.036584381 0.939634025 -0.057528585
0.946675837 0.009320480 -0.322052658 -0.218259320 -0.019096373 0.999447346 -0.027209057 -0.026251685 0.321621031 0.031908192 0.946330786 -0.084965140
0.953196287 0.009071011 -0.302216142 -0.233833581 -0.018395396 0.999438047 -0.028021365 -0.022020921 0.301792175 0.032269254 0.952827513 -0.109713107
0.956766546 0.008884483 -0.290721118 -0.210632890 -0.018406540 0.999379337 -0.030034943 -0.017493619 0.290273845 0.034087602 0.956336379 -0.070575707
0.963794470 0.008324312 -0.266516387 -0.226628616 -0.015885588 0.999529779 -0.026227450 -0.033154525 0.266172767 0.029511647 0.963473499 -0.093881950
0.969445765 0.009229469 -0.245131880 -0.234415308 -0.016829671 0.999439776 -0.028927933 -0.030890120 0.244727537 0.032169558 0.969058156 -0.074060105
0.974597394 0.008389565 -0.223806784 -0.233529732 -0.015418048 0.999440610 -0.029675227 -0.028868377 0.223432615 0.032372065 0.974181652 -0.066316910
0.979419172 0.006722113 -0.201724693 -0.227206767 -0.012881286 0.999489486 -0.029235376 -0.027972091 0.201425225 0.031232165 0.979005814 -0.071450010
0.983724773 0.006067749 -0.179579213 -0.228125200 -0.011519117 0.999503374 -0.029329134 -0.032560866 0.179312080 0.030920392 0.983306229 -0.068051949
0.987669587 0.005375754 -0.156460002 -0.227848634 -0.010139758 0.999508321 -0.029666506 -0.032951158 0.156223595 0.030887179 0.987238705 -0.068291433
0.991166234 0.004030227 -0.132564425 -0.226493716 -0.008259939 0.999473572 -0.031372428 -0.025620149 0.132368207 0.032190271 0.990677893 -0.072059378
0.994395852 0.006885532 -0.105496421 -0.246682122 -0.010257665 0.999452412 -0.031455278 -0.032096002 0.105222091 0.032361146 0.993922055 -0.056551307
0.996586680 0.005327305 -0.082380466 -0.244818285 -0.007965809 0.999464571 -0.031732824 -0.032079149 0.082167283 0.032280739 0.996095657 -0.058388099
0.998227894 0.005669456 -0.059235081 -0.232741892 -0.007569061 0.999462545 -0.031893931 -0.028501945 0.059022442 0.032285769 0.997734427 -0.067890391
0.999293029 0.003469873 -0.037434757 -0.227082238 -0.004702113 0.999448180 -0.032879330 -0.027361751 0.037300020 0.033032108 0.998758078 -0.076379955
0.999915302 0.000453783 -0.013003379 -0.231683925 -0.000874191 0.999476373 -0.032343280 -0.025455691 0.012981907 0.032351911 0.999392271 -0.080356441
0.999893010 0.004920109 0.013774455 -0.235928431 -0.004464326 0.999447644 -0.032926522 -0.027973987 -0.013928846 0.032861505 0.999362886 -0.080509402
0.999358118 0.001422668 0.035796210 -0.239117682 -0.000301007 0.999509335 -0.031320468 -0.031090884 -0.035823226 0.031289592 0.998868167 -0.079541035
0.998145103 0.000105082 0.060879409 -0.250256151 0.001846952 0.999485910 -0.032006763 -0.033158183 -0.060851499 0.032059837 0.997631788 -0.070062675
0.996371806 0.001033801 0.085101038 -0.255711824 0.001397573 0.999592602 -0.028505921 -0.041800484 -0.085095838 0.028521435 0.995964527 -0.109170109
0.994674206 0.008250704 0.102737993 -0.230318889 -0.005240259 0.999549925 -0.029537668 -0.047272384 -0.102935418 0.028841984 0.994269848 -0.109406978
0.993181050 -0.002791217 0.116548181 -0.211420178 0.005745511 0.999670386 -0.025019998 -0.054236826 -0.116439968 0.025519021 0.992869914 -0.078933552
0.991115928 -0.003867507 0.132944629 -0.200011790 0.007573455 0.999596298 -0.027381504 -0.052419595 -0.132785067 0.028145097 0.990745127 -0.050848920
0.988847435 0.002315227 0.148913473 -0.183423698 0.002675788 0.999441624 -0.033307120 -0.043209087 -0.148907438 0.033334129 0.988289177 -0.020709449
0.986328304 0.002878190 0.164766699 -0.171582803 0.004284420 0.999061644 -0.043099321 -0.019056192 -0.164736167 0.043216016 0.985390544 0.008870706
0.983099699 0.005326137 0.182993174 -0.163179472 0.001477433 0.999313295 -0.037022941 -0.040489964 -0.183064699 0.036667597 0.982416809 0.044413049
0.979322672 0.005740800 0.202222824 -0.179509401 0.002294328 0.999217808 -0.039477225 -0.041089911 -0.202291280 0.039124914 0.978543639 0.077081233
0.974447668 0.007036682 0.224504143 -0.210340559 0.002803951 0.999050140 -0.043483831 -0.040808272 -0.224596888 0.043002225 0.973502517 0.136146754
0.969100714 0.012137169 0.246366322 -0.237684757 -0.000133721 0.998814344 -0.048680320 -0.042195477 -0.246665061 0.047143187 0.967953444 0.191164598
0.964964092 0.006013810 0.262312979 -0.247433037 0.006609078 0.998862982 -0.047212668 -0.041581973 -0.262298644 0.047292180 0.963827252 0.212698519
0.961400092 0.008363381 0.275026739 -0.228097886 0.004732712 0.998887539 -0.046919454 -0.042877614 -0.275113165 0.046410002 0.960291028 0.172977194
0.958637238 0.006513162 0.284556001 -0.199257910 0.006578702 0.998964012 -0.045028053 -0.040822439 -0.284554511 0.045037583 0.957601368 0.117722556
0.954733491 0.006988008 0.297380358 -0.205814749 0.006877738 0.998938143 -0.045554437 -0.041300993 -0.297382921 0.045537654 0.953671813 0.131912082
0.950272977 0.012904439 0.311150670 -0.227015421 0.003327124 0.998663366 -0.051579084 -0.041629270 -0.311400354 0.050049454 0.948959947 0.173398793
0.946246922 0.014839822 0.323104501 -0.240297914 0.002671634 0.998554230 -0.053686626 -0.041711070 -0.323434114 0.051664017 0.944839299 0.198249221
0.942706823 0.016214680 0.333227932 -0.248717457 0.002120799 0.998506784 -0.054586537 -0.042377599 -0.333615482 0.052165821 0.941264808 0.214599937
0.940390587 0.012893929 0.339851737 -0.242997721 0.005798582 0.998527944 -0.053929046 -0.041861828 -0.340046823 0.052685026 0.938931584 0.205615431
0.937466145 0.015581761 0.347727478 -0.242695525 0.004388898 0.998388886 -0.056570452 -0.042321153 -0.348048747 0.054559022 0.935887516 0.205179691
0.934842110 0.011680312 0.354871452 -0.245902598 0.008422692 0.998448014 -0.055051133 -0.042215545 -0.354963660 0.054453094 0.933292925 0.212301642
0.933608949 0.014290892 0.358008325 -0.208376542 0.005304995 0.998543382 -0.053693913 -0.040873505 -0.358254194 0.052028354 0.932173252 0.141000971
0.931545377 0.010905864 0.363461584 -0.193215013 0.008460286 0.998629451 -0.051647983 -0.040634826 -0.363526762 0.051187433 0.930176437 0.112061456
0.928864360 0.007983072 0.370334089 -0.194888234 0.011843535 0.998616517 -0.051232293 -0.040853478 -0.370230705 0.051973917 0.927484810 0.116699487
0.925642550 0.009313486 0.378284514 -0.194426581 0.011618271 0.998526275 -0.053013347 -0.040773444 -0.378220737 0.053466424 0.924170136 0.114583895
0.922636867 0.014925568 0.385380745 -0.204415306 0.007942492 0.998303533 -0.057678759 -0.041568138 -0.385587931 0.056277439 0.920953274 0.133873552
0.921333075 0.004565260 0.388747185 -0.193946257 0.016936343 0.998510420 -0.051865250 -0.040167216 -0.388404936 0.054369137 0.919883549 0.116956756
0.917258263 0.006878126 0.398233443 -0.207601756 0.016118556 0.998390734 -0.054369960 -0.040551737 -0.397966504 0.056290250 0.915671408 0.140850648
0.914854765 0.008637573 0.403690666 -0.199933663 0.015051180 0.998346806 -0.055470534 -0.040388007 -0.403502464 0.056823511 0.913212419 0.126459479
0.915417135 0.008907923 0.402407944 -0.165244743 0.017995315 0.997849584 -0.063025564 -0.012600107 -0.402104080 0.064936131 0.913288414 0.143777519
0.913719237 0.008988427 0.406246603 -0.159076825 0.017168025 0.998008668 -0.060695365 -0.024160268 -0.405983210 0.062432978 0.911745489 0.144731477
0.912841320 0.013016344 0.408106804 -0.146735609 0.017842695 0.997265399 -0.071717262 0.005466002 -0.407924324 0.072748207 0.910112917 0.191220462
0.913796544 0.010172972 0.406044781 -0.125758231 0.019305719 0.997468591 -0.068437576 -0.015083715 -0.405713141 0.070377007 0.911287069 0.218118310
0.913377047 0.012653956 0.406917959 -0.067908518 0.012287965 0.998204470 -0.058623072 -0.067058556 -0.406929225 0.058545157 0.911581635 0.182108939
0.914218128 0.014125587 0.404976100 -0.037040681 0.012579466 0.997921228 -0.063205212 -0.059504494 -0.405027092 0.062877737 0.912140071 0.232943803
0.913191855 0.009781782 0.407412499 -0.030256651 0.016760278 0.997964561 -0.061527863 -0.058863144 -0.407185078 0.063015096 0.911169291 0.244935617
0.908420563 0.010866350 0.417916268 -0.060105443 0.016411362 0.997964621 -0.061621558 -0.056937039 -0.417735279 0.062836863 0.906393230 0.225903541
0.905838311 0.012054053 0.423451960 -0.059125066 0.013874905 0.998214483 -0.058096208 -0.069773495 -0.423396230 0.058501132 0.904053688 0.195522323
0.904352367 0.013263250 0.426580369 -0.055205233 0.013136161 0.998178422 -0.058884133 -0.067953862 -0.426584303 0.058855634 0.902530849 0.209657848
0.903483629 0.014345894 0.428382307 -0.046944998 0.012891675 0.998077989 -0.060613494 -0.060625724 -0.428428531 0.060285859 0.901562393 0.218207017
0.901660621 0.010839298 0.432308495 -0.056872860 0.016250769 0.998130381 -0.058920216 -0.064447500 -0.432138920 0.060151387 0.899798751 0.237111554
0.900854528 0.008509706 0.434037596 -0.058386900 0.019077491 0.998065948 -0.059163757 -0.060115032 -0.433701634 0.061578292 0.898949921 0.264355361
0.899796903 0.010367612 0.436185718 -0.057344906 0.017580023 0.998044252 -0.059987720 -0.060132161 -0.435954571 0.061644930 0.897854924 0.262835503
0.898671746 0.013102242 0.438425958 -0.055880658 0.015070077 0.998041272 -0.060716368 -0.059691995 -0.438362718 0.061171208 0.896714151 0.265246511
0.898919225 0.008792466 0.438026190 -0.061374851 0.020367887 0.997878909 -0.061829403 -0.052283116 -0.437640756 0.064501330 0.896833420 0.318488806
0.898760676 0.007231590 0.438379943 -0.065109968 0.022547606 0.997778475 -0.062686324 -0.046938829 -0.437859446 0.066224419 0.896601081 0.354334712
0.900034904 0.005655909 0.435781032 -0.048020974 0.024495393 0.997678638 -0.063539915 -0.039870217 -0.435128838 0.067862786 0.897807121 0.369076461
0.901234806 0.002232997 0.433325440 -0.025920987 0.027414387 0.997689664 -0.062157989 -0.036746323 -0.432463169 0.067898288 0.899091363 0.398111403
0.900710821 0.004499160 0.434395850 -0.016888693 0.027649485 0.997325182 -0.067660220 -0.009234447 -0.433538288 0.072953120 0.898177207 0.415416360
0.896616518 0.016638121 0.442495167 -0.012030646 0.010353550 0.998232961 -0.058513377 -0.068690695 -0.442686796 0.057045456 0.894859910 0.257455498
0.896150529 0.017549483 0.443402946 -0.005763784 0.009380801 0.998245180 -0.058468934 -0.069156215 -0.443650931 0.056556433 0.894413412 0.258883893
0.895753026 0.017670842 0.444200695 -0.003738813 0.009473908 0.998224080 -0.058815185 -0.069123916 -0.444451064 0.056892194 0.893994749 0.262500107
0.895023048 0.017808897 0.445663989 -0.001342326 0.009422488 0.998224556 -0.058812514 -0.071060143 -0.445920169 0.056837823 0.893266320 0.268486381
0.894297600 0.017694606 0.447122604 -0.002535798 0.009458638 0.998247087 -0.058423419 -0.072162464 -0.447372556 0.056477100 0.892562687 0.266953647
0.894036829 0.017774502 0.447640657 0.008602291 0.009342646 0.998255551 -0.058297135 -0.076237611 -0.447895974 0.056301929 0.892311215 0.274654210
0.893344820 0.015854726 0.449091971 0.000584863 0.011340846 0.998263657 -0.057802148 -0.072267734 -0.449228644 0.056730341 0.891613901 0.276169568
0.891677380 0.016835747 0.452358335 0.001501918 0.011277711 0.998171866 -0.059380028 -0.069353037 -0.452531010 0.058049403 0.889857352 0.281282663
0.891944110 0.016732570 0.451836020 0.011071220 0.011134988 0.998199046 -0.058946673 -0.072152771 -0.452008605 0.057608325 0.890151501 0.285011858
0.890725315 0.017284736 0.454213083 0.012845501 0.010879256 0.998179853 -0.059319526 -0.071526900 -0.454411685 0.057778899 0.888916016 0.288482159
0.888169050 0.017631870 0.459178388 -0.008692332 0.011253628 0.998129368 -0.060094301 -0.065641485 -0.459378988 0.058541335 0.886309087 0.295708537
0.885934234 0.021223448 0.463325083 -0.013076738 0.007883221 0.998119235 -0.060794365 -0.066792682 -0.463743985 0.057512295 0.884100676 0.231055886
0.883812428 0.024021691 0.467224240 -0.026467592 0.006292566 0.997980297 -0.063212954 -0.060373142 -0.467799008 0.058808435 0.881876230 0.249045461
0.883633256 0.022636808 0.467632204 -0.013207421 0.008210411 0.997927666 -0.063821286 -0.058294185 -0.468107760 0.060234059 0.881616175 0.266859591
0.883428216 0.022344558 0.468033314 -0.004258066 0.008148578 0.997978747 -0.063025594 -0.061565392 -0.468495518 0.059492394 0.881460547 0.270723581
0.883450985 0.017112112 0.468210906 0.002580613 0.013244218 0.998021424 -0.061465602 -0.061871782 -0.468336314 0.060502939 0.881476283 0.318822861
0.881955683 0.015087162 0.471090913 -0.021738276 0.015825579 0.997976124 -0.061589155 -0.071012363 -0.471066684 0.061774191 0.879931986 0.368852496
0.888426542 0.007733879 0.458953619 0.085406594 0.022264624 0.997955143 -0.059915747 -0.042440914 -0.458478481 0.063449174 0.886437714 0.364017636
0.887122273 0.007670030 0.461470842 0.080765694 0.024817908 0.997622609 -0.064290769 -0.023074603 -0.460866868 0.068486519 0.884822845 0.423391044
0.882871151 0.016436178 0.469327509 0.051767416 0.014184489 0.997998178 -0.061633613 -0.062057514 -0.469401002 0.061071709 0.880870581 0.351644218
0.883424044 0.015061808 0.468332022 0.078676336 0.016212147 0.997902393 -0.062674373 -0.035907965 -0.468293607 0.062960722 0.881326914 0.346888363
0.881233275 0.026771663 0.471922815 0.092303224 0.004670769 0.997852921 -0.065328926 -0.067918561 -0.472658485 0.059774280 0.879216135 0.327618212
0.877883613 0.027037706 0.478110164 0.065038741 0.002942573 0.998081505 -0.061845720 -0.091924198 -0.478865027 0.055700224 0.876119852 0.312347353
0.877726197 0.027994789 0.478343964 0.079901822 0.000251449 0.998264909 -0.058884233 -0.109543756 -0.479162425 0.051804516 0.876196265 0.274938226
0.878148437 0.031505980 0.477349550 0.101720460 -0.002728315 0.998142719 -0.060860217 -0.128428355 -0.478380382 0.052141950 0.876603365 0.338964701
0.876566052 0.026448816 0.480554312 0.099136874 0.002840021 0.998187244 -0.060118780 -0.114720792 -0.481273234 0.054062873 0.874901950 0.369628757
0.875324070 0.014472301 0.483320087 0.085385516 0.015141032 0.998241484 -0.057312280 -0.077123106 -0.483299553 0.057484776 0.873565793 0.367001712
0.872894347 0.012432403 0.487750828 0.062812045 0.018827660 0.998072445 -0.059134692 -0.047997080 -0.487545907 0.060801551 0.870977819 0.344168723
0.872755527 0.011699231 0.488017350 0.065892957 0.018797632 0.998165965 -0.057546139 -0.065011732 -0.487795532 0.059397276 0.870934844 0.344187081
0.872907460 0.010651191 0.487769425 0.064418957 0.019653536 0.998182476 -0.056968618 -0.063413128 -0.487489671 0.059314728 0.871111751 0.343645692
0.873201013 0.004682292 0.487337679 0.068087287 0.023548651 0.998380542 -0.051786296 -0.080205366 -0.486790925 0.056695990 0.871676683 0.346429884
0.868223190 0.013116275 0.496000469 0.023663409 0.016353732 0.998350978 -0.055026829 -0.075539902 -0.495904297 0.055887036 0.866576970 0.311203450
0.867077172 0.006128025 0.498136073 0.008116722 0.021512730 0.998531044 -0.049729835 -0.080630563 -0.497709095 0.053835869 0.865671694 0.299968481
0.865737677 0.005127899 0.500471652 0.007761404 0.021587495 0.998634398 -0.047575131 -0.083636977 -0.500032127 0.051991515 0.864444733 0.307231545
0.864007890 0.003124212 0.503468513 0.012531027 0.022357719 0.998756170 -0.044565979 -0.088750266 -0.502981603 0.049761765 0.862863481 0.307558775
0.863278270 -0.000150734 0.504728079 0.008860618 0.026165143 0.998668730 -0.044454183 -0.082803361 -0.504049420 0.051582612 0.862133086 0.311542749
0.869602323 0.002489044 0.493746579 0.105467878 0.024877977 0.998496294 -0.048849426 -0.085252777 -0.493125767 0.054762997 0.868232727 0.384321451
0.869457424 0.010738294 0.493891150 0.115314648 0.018921351 0.998306155 -0.055014998 -0.088979274 -0.493645370 0.057178304 0.867781579 0.427472532
0.868665397 0.011343932 0.495269299 0.123398378 0.019706676 0.998155236 -0.057426352 -0.087583274 -0.495007098 0.059644401 0.866839349 0.442522347
0.867395818 0.011055026 0.497495979 0.123301283 0.018899543 0.998300016 -0.055135362 -0.088617921 -0.497259706 0.057226628 0.865712345 0.438256711
0.867046416 0.010777120 0.498110652 0.129112914 0.019288542 0.998290420 -0.055173993 -0.089529023 -0.497853756 0.057446245 0.865356207 0.441337198
0.866364598 0.009097660 0.499329001 0.131462753 0.020683462 0.998322487 -0.054076206 -0.090760700 -0.498983353 0.057177566 0.864723206 0.443551213
0.866213799 0.009446076 0.499584079 0.145344883 0.020213349 0.998340428 -0.053923834 -0.091032334 -0.499264359 0.056807838 0.864585400 0.455902964
0.865265906 0.009259250 0.501227617 0.147614077 0.020083793 0.998386443 -0.053113844 -0.091085963 -0.500910699 0.056024142 0.863683820 0.458375394
0.864488065 0.007444482 0.502598166 0.151763424 0.021548079 0.998422265 -0.051852163 -0.092392534 -0.502191246 0.055655595 0.862963676 0.463204026
0.863510251 0.008709623 0.504256010 0.151839375 0.021014659 0.998361051 -0.053230349 -0.092246726 -0.503893137 0.056561716 0.861912072 0.464263588
0.862512171 0.006019868 0.506000459 0.145859420 0.023274440 0.998399079 -0.051550768 -0.092974514 -0.505500734 0.056240045 0.860991240 0.463027328
0.861874700 0.003628233 0.507108331 0.145627856 0.025430748 0.998406947 -0.050365102 -0.093481585 -0.506483316 0.056304552 0.860409379 0.463340729
0.860466599 0.004313157 0.509488583 0.143052682 0.025581319 0.998337269 -0.051655427 -0.092923127 -0.508864284 0.057481159 0.858925462 0.463302404
0.860390306 0.001933223 0.509631991 0.141557395 0.027479246 0.998362064 -0.050179228 -0.092936181 -0.508894265 0.057178020 0.858928025 0.463552058
0.860235095 0.006368742 0.509857714 0.152217507 0.024412259 0.998260915 -0.053658016 -0.091790378 -0.509312749 0.058605287 0.858583689 0.471443385
0.859259307 0.008139350 0.511475384 0.148047701 0.022895567 0.998259425 -0.054349460 -0.091695182 -0.511027515 0.058410805 0.857577384 0.471887708
0.858227551 0.011102989 0.513149202 0.143493474 0.021777904 0.998077929 -0.058018293 -0.090984367 -0.512807071 0.060968220 0.856336236 0.471913993
0.857360959 0.007135774 0.514666080 0.135161564 0.024125293 0.998247802 -0.054029893 -0.091956943 -0.514149785 0.058739588 0.855686605 0.470036894
0.857240617 0.011252457 0.514792979 0.142809421 0.021158045 0.998146951 -0.057050392 -0.091181718 -0.514481127 0.059797931 0.855414093 0.475333244
0.858564079 0.011208986 0.512583673 0.143940315 0.020637337 0.998195112 -0.056395147 -0.091232717 -0.512290657 0.058997214 0.856783271 0.477168232
0.860217035 0.010680366 0.509816170 0.151504248 0.021560339 0.998124719 -0.057289101 -0.091546267 -0.509472013 0.060272872 0.858373702 0.480085433
0.859245121 0.010515772 0.511455953 0.152780831 0.020942535 0.998227477 -0.055707447 -0.091739327 -0.511135161 0.058577534 0.857501864 0.482860982
0.859249353 0.010593757 0.511447132 0.154157594 0.020813148 0.998233736 -0.055643551 -0.091874287 -0.511133254 0.058456518 0.857511342 0.486110449
0.858794451 0.011696619 0.512186825 0.156116784 0.019799853 0.998234570 -0.055995151 -0.092111424 -0.511937559 0.058229547 0.857046843 0.489292890
0.858163238 0.007091989 0.513327837 0.149692148 0.023860846 0.998272836 -0.053681575 -0.092655972 -0.512821972 0.058315992 0.856511950 0.492806017
0.857749403 0.008226319 0.514002264 0.154672623 0.022554914 0.998306751 -0.053616211 -0.093065776 -0.513572991 0.057582550 0.856111467 0.498354703
0.858753026 0.011527562 0.512260020 0.161612660 0.020656912 0.998155177 -0.057091121 -0.084607087 -0.511973143 0.059608880 0.856930733 0.520790040
0.857842982 0.011842795 0.513775527 0.158764333 0.020177469 0.998187363 -0.056698758 -0.084627539 -0.513515711 0.059005316 0.856049120 0.523156762
0.857352138 0.011016148 0.514612377 0.161343783 0.021578612 0.998122871 -0.057316806 -0.086552925 -0.514277756 0.060245309 0.855505049 0.534892976
0.858066976 0.010301482 0.513434470 0.165770859 0.021494601 0.998202085 -0.055950213 -0.086591855 -0.513087749 0.059045099 0.856302977 0.536741972
0.857846022 0.010702008 0.513795316 0.173226982 0.021102488 0.998206317 -0.056025233 -0.087919235 -0.513473272 0.058903381 0.856081545 0.545488894
0.859489560 0.006485356 0.511112094 0.179786235 0.024803905 0.998212278 -0.054376457 -0.091662005 -0.510551035 0.059413578 0.857792377 0.549503922
0.858926177 0.008764889 0.512024462 0.180288196 0.022543494 0.998237014 -0.054904852 -0.087891236 -0.511603117 0.058702037 0.857214451 0.551981866
